B
[5, 2, 4, 1]
[2, 5, 3, 4]
[5, 6, 4, 5]
[3, 4, 5, 6]
[6, 5, 4, 7]
[2, 3, 3, 2]
[4, 1, 2, 3]
[1, 4, 3, 2]
[5, 4, 4, 3]
[3, 2, 5, 4]
[6, 3, 4, 5]
[1, 6, 2, 5]
[4, 7, 3, 6]
[2, 5, 4, 7]
[5, 0, 4, 1]
[0, 5, 1, 4]
[4, 5, 3, 6]
[2, 7, 4, 5]
[6, 7, 5, 6]
[4, 5, 6, 7]
[7, 4, 6, 3]
[2, 1, 3, 2]
[4, 1, 2, 3]
[1, 4, 3, 2]
[7, 6, 6, 5]
[1, 2, 2, 1]
[6, 5, 5, 6]
[4, 7, 6, 5]
[6, 1, 5, 0]
[2, 1, 3, 0]
[6, 3, 5, 4]
[0, 3, 1, 4]
[5, 4, 4, 3]
[3, 2, 5, 4]
[5, 0, 4, 1]
[3, 0, 5, 2]
[7, 2, 6, 3]
[5, 4, 7, 2]
[7, 0, 6, 1]
[7, 2, 5, 0]
